m-SGM results 
ne=[0, 0.36923076923076925, 0.6307692307692307, 0, 1.0, 0.5, 0.5]
Profits=[70.0, 260.95384615384614, 470.7846153846154]
S=[[[1.0, 0.0, 0.0, 1.0, 0.0, 1.0, 0.0, 1.0, 1.0, 0.0], [1.0, 0.0, 0.0, 0.0, 0.0, 0.0, 0.0, 1.0, 1.0, 1.0], [0.0, 0.0, 0.0, 0.0, 0.0, 0.0, 0.0, 1.0, 0.0, 1.0]], [[1.0, 1.0, 1.0, 0.0, 0.0, 0.0, 0.0, 1.0, 1.0, 1.0], [1.0, 1.0, 0.0, 0.0, 1.0, 1.0, 0.0, 1.0, 0.0, 1.0]], [[1.0, 0.0, 1.0, 0.0, 1.0, 1.0, 0.0, 1.0, 0.0, 1.0], [1.0, 0.0, 1.0, 0.0, 1.0, 1.0, 0.0, 1.0, 1.0, 1.0]]]
numb_iter=5
numb_back=0
cpu_time=0.009964466094970703
max_iter=50

SGM results 
ne=[0, 0.36923076923076925, 0.6307692307692307, 0, 1.0, 0.5, 0.5]
Profits=[70.0, 260.95384615384614, 470.7846153846154]
S=[[[1.0, 0.0, 0.0, 1.0, 0.0, 1.0, 0.0, 1.0, 1.0, 0.0], [1.0, 0.0, 0.0, 0.0, 0.0, 0.0, 0.0, 1.0, 1.0, 1.0], [0.0, 0.0, 0.0, 0.0, 0.0, 0.0, 0.0, 1.0, 0.0, 1.0]], [[1.0, 1.0, 1.0, 0.0, 0.0, 0.0, 0.0, 1.0, 1.0, 1.0], [1.0, 1.0, 0.0, 0.0, 1.0, 1.0, 0.0, 1.0, 0.0, 1.0]], [[1.0, 0.0, 1.0, 0.0, 1.0, 1.0, 0.0, 1.0, 0.0, 1.0], [1.0, 0.0, 1.0, 0.0, 1.0, 1.0, 0.0, 1.0, 1.0, 1.0]]]
numb_iter=5
numb_back=0
cpu_time=0.008650779724121094
max_iter=50

SGM results CE 
ce=[[[0.         0.        ]
  [0.         0.        ]]

 [[0.         0.        ]
  [0.18461538 0.18461538]]

 [[0.         0.        ]
  [0.31538462 0.31538462]]]
Profits=[70.0, 260.95384615384614, 470.7846153846154]
S=[[[1.0, 0.0, 0.0, 1.0, 0.0, 1.0, 0.0, 1.0, 1.0, 0.0], [1.0, 0.0, 0.0, 0.0, 0.0, 0.0, 0.0, 1.0, 1.0, 1.0], [0.0, 0.0, 0.0, 0.0, 0.0, 0.0, 0.0, 1.0, 0.0, 1.0]], [[1.0, 1.0, 1.0, 0.0, 0.0, 0.0, 0.0, 1.0, 1.0, 1.0], [1.0, 1.0, 0.0, 0.0, 1.0, 1.0, 0.0, 1.0, 0.0, 1.0]], [[1.0, 0.0, 1.0, 0.0, 1.0, 1.0, 0.0, 1.0, 0.0, 1.0], [1.0, 0.0, 1.0, 0.0, 1.0, 1.0, 0.0, 1.0, 1.0, 1.0]]]
numb_iter=5
cpu_time=0.011052608489990234
NE?=True
max_iter=1000

SGM results CE 
ce=[[[0.         0.        ]
  [0.         0.        ]]

 [[0.         0.        ]
  [0.18461538 0.18461538]]

 [[0.         0.        ]
  [0.31538462 0.31538462]]]
Profits=[70.0, 260.95384615384614, 470.7846153846154]
S=[[[1.0, 0.0, 0.0, 1.0, 0.0, 1.0, 0.0, 1.0, 1.0, 0.0], [1.0, 0.0, 0.0, 0.0, 0.0, 0.0, 0.0, 1.0, 1.0, 1.0], [0.0, 0.0, 0.0, 0.0, 0.0, 0.0, 0.0, 1.0, 0.0, 1.0]], [[1.0, 1.0, 1.0, 0.0, 0.0, 0.0, 0.0, 1.0, 1.0, 1.0], [1.0, 1.0, 0.0, 0.0, 1.0, 1.0, 0.0, 1.0, 0.0, 1.0]], [[1.0, 0.0, 1.0, 0.0, 1.0, 1.0, 0.0, 1.0, 0.0, 1.0], [1.0, 0.0, 1.0, 0.0, 1.0, 1.0, 0.0, 1.0, 1.0, 1.0]]]
numb_iter=5
cpu_time=0.012212514877319336
NE?=True
max_iter=1000

